27 0 0.83125 0.4515625 0.83125 0.3375 0.7015625 0.2203125 0.5515625 0.0984375 0.5515625 0.0640625 0.559375 0 0.55625 0 0.83125
5 1 0.560573784375 0.9910508015625 0.55497953125 0.9399894640625 0.5476837796875 0.9399894640625 0.509120053125 0.944157678125 0.47889452343750005 0.952494265625 0.42678149843749996 0.9274845046875001 0.40072498593750006 0.935367821875 0.3994791671875 0.7826369203125 0.41635889375 0.7805528125000001 0.4403308765625 0.7951417203125 0.5195426578125 0.804520440625 0.5435146421875 0.7899313734375 0.610219409375 0.7899313734375 0.6341913124999999 0.826403803125 0.653994278125 0.8628762328124999 0.668585940625 0.875381034375 0.6915156390625 0.866002471875 0.71444541875 0.767005878125 0.7238256984375 0.7659637453125 0.7321638140625 0.83161415 0.7384173625 0.7524169703125 0.773854234375 0.767005878125 0.800952990625 0.783679053125 0.7967839328124999 0.775342465625 0.7759387234374999 0.8680865796875 0.741544175 0.9108114890625 0.827009503125 0.9285266375000001 0.8311785609375001 0.8889279671875 0.747797721875 0.978546 0.7811500265625 0.99834525625 0.81762914375 0.9941770421875 0.7759387234374999 0.894138315625 0.7311215703125 0.8868438609375 0.7092341156249999 0.88788599375 0.694642453125 0.9295687703125 0.6904733953125 0.9566624796875001 0.6769239765624999 0.9775038671875 0.6644168828125 0.99834525625 0.6373180859375001 1 0.624629525 1 0.560573784375
5 0.5387926625 0.6060502718749999 0.539834715625 0.613346103125 0.539834715625 0.63106461875 0.47731055156249996 0.6581633359375 0.4783526046875 0.6727549984375 0.49189953906249995 0.6654591265625001 0.5377506078125001 0.6383603703125 0.5419189015625 0.64774073125 0.5314982078125 0.6727549984375 0.546087115625 0.6821352796875 0.5565078109375 0.6446139171875 0.5710967984375 0.648782975 0.5971485328125 0.6560787671874999 0.6263265078125 0.6633746375 0.58464373125 0.642529428125 0.5533816500000001 0.625853315625 0.54921335625 0.6039657828125 0.5815174921875 0.6123038578125 0.5919381859375 0.6029234984375 0.599232640625 0.5633176859375 0.5763071453124999 0.557064059375 0.5971485328125 0.5518527578125 0.5898540796875 0.5435146421875 0.5512974625 0.5351765656249999 0.546087115625 0.49869744843749997 0.5325402609375 0.44971119687499994 0.5271697765625001 0.45508263906249996 0.49815193906250005 0.463260615625 0.4991939921875 0.48514807031249996 0.5116988734375 0.53621885 0.5116988734375 0.5852050609375 0.5387926625 0.6060502718749999
5 0.449174709375 0.5622753625 0.449174709375 0.573740290625 0.4189546796875 0.575824740625 0.4241650265625 0.59666995 0.4793947375 0.59666995 0.4929415921875 0.583120571875 0.46063745625 0.56644438125 0.457511215625 0.5466414546875 0.48460508437499994 0.5476837796875 0.47573240625 0.4789062515625 0.4241650265625 0.47680999375 0.430417428125 0.523711715625 0.43979606875000005 0.55289508125 0.449174709375 0.5622753625
5 0 0.48717830781250004 0.0010848625 0.541430153125 0.006295209374999999 0.54038786875 0.0146317171875 0.5330920375 0.02192625 0.4695141625 0.0188000109375 0.43616181875000004 0.0004719890625 0.43072916718750004 0 0.43280629218750005 0 0.48717830781250004
5 0.17406836875 0.509120053125 0.17495115625 0.484114584375 0.1417642328125 0.483063540625 0.1417642328125 0.501824221875 0.1480166328125 0.51433135625 0.17406836875 0.509120053125
5 0.56588645 0.558106384375 0.5867278390624999 0.5591485484375001 0.6002747734375 0.5383033390625 0.6159058140625 0.4809790125 0.611149071875 0.48151041718750004 0.582559625 0.4809790125 0.5804755171875 0.5164159640625 0.554423703125 0.531007546875 0.56588645 0.558106384375
5 0.2449291203125 0.49973973281250006 0.2114094890625 0.499739584375 0.2178352515625 0.5351765656249999 0.23659253281249998 0.534134321875 0.2449291203125 0.49973973281250006
5 0.09695521562500001 0.474725465625 0.0229683046875 0.4726409359375 0.0146317171875 0.5195426578125 0.0896607625 0.51433135625 0.09695521562500001 0.474725465625
27 0.18865735625 0.5299652625 0.18865735625 0.515373640625 0.057763656249999996 0.5127604171875 0.016715903125 0.5174581296875 0.0146317171875 0.5393456234375 0.18865735625 0.5299652625
27 1 0.5273852203125 0.9868825875 0.5122468265625 0.9347791171875001 0.5132891109375 0.9337369843750001 0.5435146421875 0.9431155453125 0.5560217749999999 0.9556205062500001 0.55497953125 0.9535969890624999 0.550520834375 0.99834525625 0.5518527578125 1 0.5328193921875 1 0.5273852203125
27 0.6586307234375 0.5393456234375 0.647167896875 0.706107303125 0.6940610203124999 0.7081917921875001 0.684682459375 0.54038786875 0.7961838546875 0.5466414546875 0.8024361750000001 0.5372611734375 0.797225828125 0.5205849421875001 0.607242821875 0.5140625015625 0.54921335625 0.5185004140625 0.54921335625 0.53621885 0.6586307234375 0.5393456234375
5 0.3910969890625 0.4867187515625 0.353304275 0.4861903140625 0.356430515625 0.5174581296875 0.39186089062499996 0.5101623375 0.3910969890625 0.4867187515625
5 0.29807464375000003 0.4914016171875 0.274107015625 0.489317128125 0.27723325625 0.5122468265625 0.2949484046875 0.5101623375 0.29807464375000003 0.4914016171875