13 0.503125 0.634375 0.4921875 0.2375
13 0.1859375 0.703125 0.23125 0.15625
10 0.7 0.7796875 0.8390625 0.78125 0.828125 0.7421875 0.8390625 0.709375 0.853125 0.6984375 0.8765625 0.6921875 0.903125 0.66875 0.790625 0.59375 0.7421875 0.5765625 0.7125 0.575 0.684375 0.584375 0.675 0.6046875 0.7 0.7796875
10 0.996875 0.6953125 0.965625 0.6875 0.8984375 0.6875 0.8703125 0.69375 0.846875 0.7125 0.8484375 0.759375 0.8578125 0.78125 0.9890625 0.78125 0.9921875 0.7015625 0.996875 0.6953125
10 0.944124003125 0.6369083546875001 0.9718131937500001 0.6333348765625 0.9968228874999999 0.6440553109375 0.9959402765625001 0.5404017859375 0.9602015359375 0.5422115234375 0.933405465625 0.558292140625 0.9289394546875 0.64673536875 0.944124003125 0.6369083546875001
10 0.9351919796875 0.5502519 0.933405465625 0.5636523921875 0.9646675484375 0.5448916500000001 0.9803152765625001 0.537053571875 0.9852112296875 0.527917746875 0.974492828125 0.5180906656250001 0.93697835625 0.5243442015625 0.9351919796875 0.5502519
30 0.1296875 0.5453125 0.1359375 0.5625 0.171875 0.5890625 0.1796875 0.621875 0.21875 0.6234375 0.2265625 0.61875 0.2265625 0.575 0.2390625 0.5625 0.25625 0.559375 0.259375 0.5390625 0.25 0.528125 0.1984375 0.521875 0.1515625 0.5359375 0.134375 0.53125 0.1296875 0.5453125
30 0.4203125 0.4921875 0.0515625 0.075
30 0.5859375 0.4921875 0.0421875 0.0671875
15 0.30625 0.446875 0.0671875 0.1625
17 0.9609375 0.425 0.078125 0.2328125