10 0.1546875 0.6921875 0.1453125 0.7234375 0.184375 0.725 0.2140625 0.7125 0.21875 0.7015625 0.228125 0.7015625 0.2484375 0.7109375 0.2625 0.75 0.26875 0.7515625 0.2765625 0.715625 0.2828125 0.7109375 0.3421875 0.6984375 0.38125 0.6828125 0.3921875 0.6234375 0.384375 0.546875 0.2796875 0.5390625 0.2578125 0.5265625 0.253125 0.509375 0.24375 0.5046875 0.1234375 0.4953125 0.1203125 0.546875 0.1265625 0.6234375 0.1375 0.6796875 0.1546875 0.6921875
10 0.4953125 0.646875 0.5484375 0.64375 0.56875 0.6328125 0.575 0.61875 0.575 0.5796875 0.5640625 0.55 0.53125 0.5453125 0.50625 0.521875 0.434375 0.521875 0.4359375 0.615625 0.4421875 0.6546875 0.4828125 0.659375 0.4953125 0.646875
10 1 0.525 0.965625 0.53125 0.9171875 0.5515625 0.9 0.5703125 0.8875 0.575 0.878125 0.590625 0.81875 0.6 0.7328125 0.671875 0.715625 0.6984375 0.721875 0.7578125 0.7421875 0.7734375 0.74375 0.78125 0.9828125 0.78125 0.9984375 0.775 1 0.525
11 0.0328125 0.43125 0.065625 0.425
11 0.209375 0.396875 0.1109375 0.2390625
11 0.371875 0.45625 0.078125 0.2359375
11 0.4609375 0.453125 0.0421875 0.146875
11 0.546875 0.475 0.03125 0.1375
11 0.5921875 0.475 0.0203125 0.065625
30 0.6 0.5203125 0.0953125 0.125
27 0.603125 0.6375 0.1734375 0.1234375
4 0.7172505234375001 0.7432189390625 0.7199301578124999 0.7039108140625 0.7377942046875 0.6672828171875 0.5046684046875 0.6422685375 0.27422217187500003 0.7164179546875 0.5204938484375 0.7781250015625 0.6252577593749999 0.78125 0.7272263421875 0.78125 0.720823415625 0.7548326578125 0.7172505234375001 0.7432189390625