5 0.1234375 0.65 0.065625 0.115625
5 0.178125 0.646875 0.05625 0.1265625
5 0.23125 0.6453125 0.053125 0.1125
5 0.2765625 0.65 0.0546875 0.1203125
5 0.3265625 0.6515625 0.0515625 0.121875
5 0.3765625 0.6453125 0.059375 0.1265625
5 0.615625 0.6328125 0.0484375 0.1015625
5 0.6640625 0.6359375 0.0546875 0.1015625
5 0.7125 0.63125 0.0546875 0.096875
5 0.759375 0.640625 0.053125 0.1078125
5 0.8125 0.64375 0.0625 0.121875
6 0.3178739796875 0.2323996109375 0.264728375 0.2532448015625 0.27514906875 0.28972391875 0.3241263796875 0.351217284375 0.352262221875 0.3564285859375 0.4137443328125 0.2740900109375 0.4137443328125 0.26054067187499996 0.366851209375 0.22197700625 0.37305518125 0.1640625 0.340106990625 0.1640625 0.297032590625 0.164652659375 0.3178739796875 0.2323996109375
6 0.6377893359375 0.214681175 0.5731809046875 0.26054067187499996 0.5836015984375 0.294935221875 0.6596726984375 0.351217284375 0.7419962765625 0.2793013140625 0.7315755828125 0.227188309375 0.6773878453125 0.20530083437500002 0.6773878453125 0.1896669265625 0.695819684375 0.1640625 0.6816810015625 0.1640625 0.6294527484375 0.1656949234375 0.6377893359375 0.214681175
6 0.993134909375 0.4220910296875 0.9941770421875 0.3887386859375 0.9566624796875001 0.3814428546875 0.9566624796875001 0.366851190625 0.9223469890624999 0.3648437515625 0.9087273828125 0.4033303078125 0.9056011421875001 0.44918978593750003 0.9504101578125 0.458570146875 0.993134909375 0.4220910296875
6 0.0375572921875 0.466908221875 0.076113828125 0.42938682031250003 0.082366228125 0.407499365625 0.055272440624999995 0.3908232140625 0.0604827875 0.365808946875 0.0239094890625 0.3687500015625 0.027136596875000002 0.3835273828125 0.0042110234375 0.4022880640625 0.006295209374999999 0.43147135 0.0375572921875 0.466908221875
6 1 0.1667063265625 0.911930321875 0.16562500156249998 0.93061074375 0.23344185624999997 1 0.25657585 1 0.1667063265625
6 0.0927869234375 0.16673718906249999 0 0.1640625 0.0042110234375 0.2584561046875 0.061524840625 0.22301925156250002 0.0927869234375 0.16673718906249999
6 0.4971098859375 0.5127676609375 0.5210775140624999 0.4898379609375 0.5367085546875 0.47420405312499997 0.4971098859375 0.46899275156250003 0.49502577812500004 0.4043725921875 0.49189953906249995 0.407499365625 0.49135740625 0.401302084375 0.4856471375 0.4752462984375 0.45959540312499997 0.48358437500000007 0.46480575 0.4940069796875 0.4971098859375 0.5127676609375