15 0.3970712375 0.3387107671875 0.57005474375 0.31578102812500003 0.5731809046875 0.32099233125 0.579353371875 0.165625 0.4857995546875 0.165625 0.385608490625 0.16778005000000001 0.3970712375 0.3387107671875
11 0.4 0.46875 0.053125 0.190625
11 0.815625 0.409375 0.084375 0.146875
15 0.8140625 0.528125 0.0796875 0.109375
17 0.8545396453125 0.43772551406250004 0.8597499921875 0.47941593437499996 0.875381034375 0.510683828125 0.88788599375 0.506514690625 0.8951804484375 0.48566948125 0.8993486624999999 0.453359421875 0.8993486624999999 0.420007078125 0.8983066875000001 0.382485715625 0.88059138125 0.3720631109375 0.8639183656249999 0.3897815484375 0.8545396453125 0.43772551406250004
4 0.71073419375 0.684741259375 0.6794721125 0.6836990140625 0.6617568046875 0.6836990140625 0.6461257640625 0.687868071875 0.6513361109375 0.684741259375 0.6429996828125 0.67952995625 0.625284375 0.6774454671875 0.6046875 0.6640625 0.6 0.7140625 0.546875 0.8234375 0.5328125 0.8328125 0.7390625 0.8328125 0.7203125 0.73125 0.71073419375 0.684741259375
5 0.7109375 0.7015625 0.7171875 0.728125 0.7234375 0.7328125 0.7421875 0.684375 0.771875 0.684375 0.7734375 0.6265625 0.7421875 0.59375 0.7265625 0.5578125 0.715625 0.5515625 0.7109375 0.5625 0.721875 0.628125 0.7109375 0.7015625
13 0 0.8328125 0.025 0.8328125 0.0953125 0.7953125 0.1015625 0.7953125 0.10625 0.8078125 0.1171875 0.7984375 0.121875 0.78125 0.11875 0.6625 0.0515625 0.6484375 0.053125 0.6734375 0 0.684375 0 0.8328125
2 0.0828125 0.565625 0.0921875 0.5796875 0.1078125 0.621875 0.10625 0.6296875 0.0875 0.6390625 0.0828125 0.6546875 0.1140625 0.6640625 0.121875 0.7609375 0.13125 0.7703125 0.1875 0.7953125 0.30625 0.83125 0.54375 0.8328125 0.58125 0.7484375 0.6 0.7203125 0.60625 0.6625 0.6140625 0.64375 0.609375 0.6203125 0.5421875 0.59375 0.40625 0.5875 0.39375 0.571875 0.371875 0.56875 0.359375 0.5453125 0.34375 0.5359375 0.3484375 0.5328125 0.3484375 0.50625 0.3234375 0.503125 0.0640625 0.5265625 0.06875 0.5609375 0.0828125 0.565625
13 0.934375 0.6640625 0.9140625 0.6484375 0.8609375 0.6328125 0.8515625 0.6203125 0.775 0.6125 0.7796875 0.646875 0.80625 0.6890625 0.809375 0.746875 0.8484375 0.8328125 0.8765625 0.8328125 0.8796875 0.7984375 0.8859375 0.8328125 1 0.8328125 0.9984375 0.6703125 0.934375 0.6640625
11 0.540625 0.3625 0.4203125 0.375 0.4140625 0.3859375 0.4125 0.4515625 0.41875 0.4734375 0.4125 0.5390625 0.415625 0.5875 0.5359375 0.5921875 0.578125 0.6015625 0.5984375 0.590625 0.615625 0.628125 0.6171875 0.65 0.7171875 0.6640625 0.721875 0.59375 0.7140625 0.55625 0.725 0.55625 0.7390625 0.584375 0.753125 0.5703125 0.7578125 0.5453125 0.7671875 0.4328125 0.765625 0.35 0.7625 0.34375 0.7515625 0.3421875 0.6125 0.3578125 0.603125 0.3640625 0.540625 0.3625