29 0.609375 0.40625 0.6421875 0.4 0.640625 0.29375 0.496875 0.290625 0.45625 0.29375 0.45625 0.4015625 0.609375 0.40625
5 0.44375 0.6453125 0.4625 0.6546875 0.4625 0.6734375 0.4390625 0.790625 0.45 0.7921875 0.459375 0.784375 0.478125 0.6828125 0.4984375 0.6796875 0.5515625 0.6859375 0.565625 0.765625 0.575 0.790625 0.584375 0.79375 0.5890625 0.7890625 0.5859375 0.73125 0.5734375 0.665625 0.575 0.653125 0.584375 0.646875 0.578125 0.571875 0.565625 0.5609375 0.4890625 0.559375 0.4671875 0.5609375 0.453125 0.5703125 0.44375 0.6453125
5 0.234375 0.640625 0.2421875 0.653125 0.2453125 0.7125 0.2296875 0.7828125 0.2421875 0.7859375 0.253125 0.7625 0.271875 0.75625 0.274107015625 0.7222626203125 0.278275309375 0.673276409375 0.31683184531249997 0.6784877125000001 0.337673234375 0.67952995625 0.3484375 0.71875 0.35 0.7734375 0.359375 0.790625 0.3703125 0.7921875 0.3703125 0.7609375 0.387692596875 0.7649952859375 0.3828125 0.73125 0.37831395625 0.7191358875 0.38125 0.709375 0.373103609375 0.6597269921875 0.3640625 0.56875 0.3421875 0.5578125 0.25625 0.55625 0.2421875 0.559375 0.2375 0.5671875 0.234375 0.640625
5 0 0.6640625 0.0109375 0.6765625 0.00625 0.7140625 0.009375 0.753125 0.015625 0.7578125 0.0234375 0.75 0.0265625 0.734375 0.0203125 0.6796875 0.04375 0.6765625 0.0484375 0.6796875 0.0453125 0.690625 0.0515625 0.7125 0.08125 0.7203125 0.0890625 0.778125 0.103125 0.7890625 0.109375 0.7828125 0.109375 0.76875 0.1 0.6796875 0.125 0.7421875 0.1375 0.753125 0.1453125 0.75 0.1453125 0.74375 0.1234375 0.671875 0.121875 0.634375 0.1125 0.6296875 0.0984375 0.571875 0.078125 0.5578125 0.00625 0.55625 0 0.5578125 0 0.6640625
5 0.621875 0.6390625 0.640625 0.6375 0.6234375 0.73125 0.634375 0.7296875 0.6375 0.7125 0.6328125 0.7578125 0.6421875 0.7578125 0.6578125 0.6578125 0.678125 0.653125 0.678125 0.6125 0.6328125 0.609375 0.6203125 0.6171875 0.615625 0.6328125 0.621875 0.6390625
5 0.6982292343750001 0.611783025 0.696875 0.65 0.7078125 0.659375 0.7265625 0.73125 0.7359375 0.7328125 0.74375 0.7578125 0.753125 0.7578125 0.7203125 0.65 0.7203125 0.640625 0.7421875 0.61875 0.7515625 0.5421875 0.7296875 0.5390625 0.7203125 0.5609375 0.716986515625 0.609698575 0.6982292343750001 0.611783025
5 0.029220704687499998 0.5346557328125 0.034431051562499995 0.520064109375 0.0333889984375 0.536740340625 0.0448517453125 0.5356980171875 0.0479779859375 0.5221485984375 0.0604827875 0.5211064328125 0.058398679687499996 0.53778250625 0.069861428125 0.53778250625 0.0677773203125 0.524233128125 0.076113828125 0.5211064328125 0.0781980140625 0.5325712031250001 0.101123509375 0.5231908828125 0.09695521562500001 0.506514690625 0.101123509375 0.49921889999999997 0.08901365624999999 0.4914062515625 0.0042110234375 0.48879629375 0.0177579578125 0.507556975 0.013589664062500001 0.5346557328125 0.029220704687499998 0.5346557328125
30 0.4203125 0.5734375 0.44375 0.5734375 0.45 0.5625 0.45 0.5171875 0.4421875 0.5078125 0.4203125 0.50625 0.4046875 0.51875 0.409375 0.5640625 0.4203125 0.5734375
15 0.2484375 0.3640625 0.04375 0.159375
27 0 0.454187821875 0.0083793171875 0.49609208593750004 0.031304890625 0.498176615625 0.0177579578125 0.464824271875 0.0458938 0.4762891609375 0.0458938 0.48566948125 0.0573566265625 0.48566948125 0.0573566265625 0.47316238750000006 0.18865735625 0.4783736890625 0.1917835171875 0.5336134875 0.2074145578125 0.5336134875 0.208456690625 0.4700355734375 0.2167931984375 0.4689933296875 0.21887738437499998 0.536740340625 0.24180287968749997 0.5346557328125 0.2397187734375 0.4554439515625 0.2501394671875 0.453359421875 0.2605601609375 0.446063590625 0.00307615625 0.44322916718750005 0 0.4436799296875 0 0.454187821875
27 0.4137443328125 0.5523742484375 0.4127022796875 0.53778250625 0.0010848625 0.54090931875 0.00316896875 0.554458696875 0.08340836093750001 0.5607122453125 0.10216556406249999 0.5763461515625 0.18032076875 0.5794729249999999 0.183447009375 0.7806291921875 0.2105407984375 0.78375600625 0.2074145578125 0.6003181359374999 0.2397187734375 0.5971913625 0.23346629375 0.55967 0.3553884625 0.5617545296875 0.364767103125 0.6013604203125 0.449174709375 0.6055294375 0.44813265468749997 0.558627715625 0.5763071453124999 0.5555009421875 0.5804755171875 0.606571721875 0.5919381859375 0.6076139671874999 0.655504484375 0.6034449484375 0.6523782437500001 0.71705131875 0.6721774984375 0.7149668296875 0.6711355250000001 0.5971913625 0.6825981921875 0.5940646671875001 0.68155621875 0.7858404953125 0.6961451265624999 0.7889673078125 0.6982292343750001 0.5732194578125 0.7326175562499999 0.5721771343750001 0.69448240625 0.535677084375 0.457511215625 0.54090931875 0.45542710937499997 0.5482051109375 0.4137443328125 0.5523742484375