10 0.4890625 0.634375 0.775 0.6359375 0.79375 0.63125 0.790625 0.6078125 0.7640625 0.596875 0.7671875 0.584375 0.7546875 0.5765625 0.6859375 0.5703125 0.540625 0.575 0.50625 0.56875 0.4875 0.5859375 0.484375 0.6296875 0.4890625 0.634375
10 0.94375 0.6125 0.9453125 0.6015625 0.940625 0.6 0.9015625 0.5984375 0.9 0.6390625 0.9078125 0.609375 0.94375 0.6125
10 1 0.571875 0.959375 0.56875 0.95 0.5875 0.896875 0.584375 0.90625 0.590625 0.95 0.59375 0.940625 0.621875 0.940625 0.64375 0.9453125 0.6203125 0.959375 0.6203125 0.959375 0.6265625 0.9625 0.621875 0.9828125 0.6234375 0.9875 0.6328125 1 0.6328125 1 0.571875
27 0.4390625 0.6296875 0.4453125 0.621875 0.478125 0.634375 0.4859375 0.5828125 0.4484375 0.5796875 0.428125 0.5859375 0.43125 0.628125 0.4390625 0.6296875
15 0.2234375 0.4453125 0.0328125 0.1171875
15 0.16875 0.44375 0.046875 0.1046875
5 0.10625 0.5984375 0.0640625 0.0796875
5 0.1703125 0.6 0.065625 0.08125
5 0.2328125 0.596875 0.06875 0.075
27 0.2328125 0.56875 0.2703125 0.575 0.2921875 0.6203125 0.296875 0.575 0.309375 0.56875 0.30625 0.559375 0.246875 0.5578125 0.0890625 0.5625 0.075 0.56875 0.2328125 0.56875
11 0.80625 0.51875 0.0390625 0.228125