15 0.3825 0.275 0.36124999999999996 0.30375 0.3625 0.3375 0.38375 0.36 0.4725 0.35875 0.49124999999999996 0.34625 0.49874999999999997 0.32999999999999996 0.5 0.3125 0.4925 0.29500000000000004 0.485 0.28500000000000003 0.45 0.26125 0.44749999999999995 0.22749999999999998 0.44375 0.22125 0.42874999999999996 0.21749999999999997 0.41 0.22999999999999998 0.40875000000000006 0.26 0.3825 0.275
10 0.8087500000000001 0.825 0.81125 0.69375 0.7925 0.6775 0.79875 0.66625 0.79875 0.645 0.79125 0.6287499999999999 0.7737499999999999 0.61625 0.7525000000000001 0.61625 0.64375 0.6375 0.61375 0.6637500000000001 0.61 0.6799999999999999 0.5974999999999999 0.6950000000000001 0.5662499999999999 0.705 0.55375 0.70625 0.49874999999999997 0.6900000000000001 0.47375 0.68875 0.4525 0.69375 0.4525 0.8375 0.46749999999999997 0.85 0.52625 0.875 0.62625 0.875 0.635 0.865 0.64625 0.875 0.7325 0.875 0.7825 0.8525 0.8087500000000001 0.825
10 0.13999999999999999 0.61375 0.11875 0.5875 0.11374999999999999 0.5662499999999999 0.1025 0.5599999999999999 0.02 0.61875 0.017499999999999998 0.6275000000000001 0.027500000000000004 0.6537499999999999 0.017499999999999998 0.65625 0.01625 0.68875 0.00625 0.7 0.008749999999999999 0.85 0.25375000000000003 0.8262499999999999 0.25625 0.725 0.24375 0.6 0.19125 0.59875 0.17625 0.5587500000000001 0.16999999999999998 0.5549999999999999 0.15 0.5650000000000001 0.11875 0.5650000000000001 0.13999999999999999 0.61375
30 0.4125 0.6224999999999999 0.41 0.6375 0.41624999999999995 0.645 0.41125 0.6575 0.43499999999999994 0.6625 0.44000000000000006 0.6587500000000001 0.4375 0.64625 0.445 0.6375 0.45375 0.5700000000000001 0.4425 0.5599999999999999 0.41624999999999995 0.5587500000000001 0.40499999999999997 0.57125 0.40750000000000003 0.61125 0.4125 0.6224999999999999
30 0.8550000000000001 0.64 0.86 0.6675 0.8775000000000001 0.70125 0.8787499999999999 0.72375 0.8975 0.73 0.89625 0.73625 0.8887499999999999 0.73875 0.87375 0.735 0.86875 0.74875 0.8712500000000001 0.76125 0.88125 0.76625 0.8724999999999999 0.8150000000000001 0.88125 0.82125 0.9349999999999999 0.8275 0.9512499999999999 0.8275 0.95375 0.8237500000000001 0.9512499999999999 0.7787499999999999 0.93 0.7725 0.92125 0.7625 0.9275 0.7462500000000001 0.95625 0.73 0.9512499999999999 0.6825 0.9574999999999999 0.65625 0.9637499999999999 0.6487499999999999 0.9650000000000001 0.61625 0.9625 0.5974999999999999 0.9425000000000001 0.5900000000000001 0.87375 0.5962500000000001 0.85875 0.60875 0.8550000000000001 0.64
30 0.80375 0.35875 0.8162499999999999 0.3725 0.8175000000000001 0.38375 0.80375 0.3775 0.78625 0.38125 0.80375 0.39375 0.8025 0.4 0.79 0.40125 0.8162499999999999 0.41624999999999995 0.8087500000000001 0.43375 0.81125 0.4425 0.8150000000000001 0.445 0.8225 0.4325 0.82875 0.4325 0.8275 0.46624999999999994 0.8 0.46624999999999994 0.7975 0.46125 0.80375 0.44749999999999995 0.795 0.44375 0.78 0.4575 0.765 0.45499999999999996 0.745 0.47874999999999995 0.7525000000000001 0.48624999999999996 0.7525000000000001 0.5037499999999999 0.7575000000000001 0.50625 0.7675 0.49625 0.7775000000000001 0.52125 0.7825 0.5237499999999999 0.7787499999999999 0.5325 0.7625 0.5375 0.755 0.56125 0.775 0.56875 0.76625 0.5900000000000001 0.7787499999999999 0.57625 0.7849999999999999 0.5875 0.7887500000000001 0.58 0.79375 0.585 0.805 0.6625 0.79375 0.67125 0.79 0.68125 0.8087500000000001 0.6900000000000001 0.8087500000000001 0.7725 0.8162499999999999 0.7775000000000001 0.8462500000000001 0.7787499999999999 0.86625 0.75125 0.87625 0.7112499999999999 0.875 0.6900000000000001 0.8550000000000001 0.66625 0.8574999999999999 0.64625 0.85 0.64 0.85125 0.61375 0.8625 0.58875 0.8637499999999999 0.5662499999999999 0.8862500000000001 0.5549999999999999 0.8887499999999999 0.52625 0.89375 0.52125 0.90625 0.515 0.9275 0.51875 0.9324999999999999 0.51125 0.9262499999999999 0.5037499999999999 0.91875 0.5037499999999999 0.91625 0.49625 0.90625 0.5037499999999999 0.9025000000000001 0.49625 0.8925000000000001 0.495 0.8925000000000001 0.48250000000000004 0.8862500000000001 0.4725 0.8875 0.45875000000000005 0.8949999999999999 0.45875000000000005 0.90625 0.46875 0.9087500000000001 0.47750000000000004 0.91375 0.475 0.90625 0.44875 0.9112500000000001 0.44125 0.925 0.4425 0.925 0.43875000000000003 0.91625 0.43125 0.9225 0.42125 0.9125 0.41624999999999995 0.89625 0.42125 0.89 0.4125 0.87625 0.42374999999999996 0.86 0.42000000000000004 0.85125 0.46125 0.83625 0.46875 0.8400000000000001 0.43375 0.875 0.4 0.8775000000000001 0.39249999999999996 0.89125 0.38625 0.8787499999999999 0.37625000000000003 0.8775000000000001 0.3675 0.8550000000000001 0.36375 0.8525 0.35125 0.8425 0.35125 0.83625 0.34500000000000003 0.825 0.3675 0.8125 0.35750000000000004 0.80375 0.35875
30 0.5625 0.5287499999999999 0.5599999999999999 0.5549999999999999 0.57375 0.5875 0.575 0.62 0.5862499999999999 0.63625 0.58875 0.66625 0.5962500000000001 0.67125 0.60875 0.67 0.63625 0.63875 0.655 0.62625 0.6775 0.53625 0.67 0.5075000000000001 0.645 0.49375 0.625 0.5025000000000001 0.5775 0.505 0.5625 0.5287499999999999
30 0.3075 0.53125 0.3125 0.5575 0.305 0.58 0.32375 0.5912499999999999 0.325 0.61875 0.34125 0.625 0.35 0.62 0.35125 0.5825 0.36625 0.5587500000000001 0.37875000000000003 0.54875 0.38 0.54 0.3775 0.51625 0.35375 0.495 0.33999999999999997 0.49124999999999996 0.3225 0.495 0.31375000000000003 0.5125 0.3075 0.53125
4 0.5575 0.70625 0.6025 0.6950000000000001 0.6012500000000001 0.6900000000000001 0.58125 0.6849999999999999 0.5125 0.67875 0.50125 0.68625 0.5037499999999999 0.6912499999999999 0.5575 0.70625
4 0.25737279062499996 0.7060714515625001 0.2575 0.7825 0.34625 0.8025 0.445 0.8099999999999999 0.445 0.69625 0.42874999999999996 0.6900000000000001 0.36625 0.69625 0.35625 0.68625 0.3531240390625 0.690357134375 0.343120215625 0.687500034375 0.325970665625 0.690357134375 0.30453380937499996 0.6946428906250001 0.25737279062499996 0.7060714515625001
27 0.35 0.6425 0.34875 0.6487499999999999 0.35875 0.6625 0.35625 0.6950000000000001 0.3375 0.7125 0.3375 0.7175 0.34125 0.73625 0.355 0.7625 0.38 0.76625 0.39 0.75875 0.40374999999999994 0.7625 0.4425 0.76 0.44749999999999995 0.74875 0.44875 0.6975 0.46624999999999994 0.6900000000000001 0.505 0.68625 0.49625 0.6675 0.44125 0.63 0.43 0.64125 0.3975 0.63625 0.35 0.6425
5 0.234375 0.5875 0.0765625 0.0765625
30 0.25 0.521875 0.05 0.05